-0.420  0.000000
-0.419  0.000000
-0.418  0.000000
-0.417  0.000000
-0.416  0.000000
-0.415  0.000000
-0.414  0.000000
-0.413  0.000000
-0.412  0.000000
-0.411  0.000000
-0.410  0.000000
-0.409  0.000000
-0.408  0.000000
-0.407  0.000000
-0.406  0.000000
-0.405  0.000000
-0.404  0.000000
-0.403  0.000000
-0.402  0.000000
-0.401  0.000000
-0.400  0.000000
-0.399  0.000000
-0.398  0.000000
-0.397  0.000000
-0.396  0.000000
-0.395  0.000000
-0.394  0.000000
-0.393  0.000000
-0.392  0.000000
-0.391  0.000000
-0.390  0.000000
-0.389  0.000000
-0.388  0.000000
-0.387  0.000000
-0.386  0.000000
-0.385  0.000000
-0.384  0.653331
-0.383  0.774469
-0.382  0.780350
-0.381  0.780447
-0.380  0.785258
-0.379  0.788321
-0.378  0.790532
-0.377  0.793606
-0.376  0.796956
-0.375  0.800170
-0.374  0.804152
-0.373  0.807445
-0.372  0.809520
-0.371  0.812518
-0.370  0.815630
-0.369  0.818735
-0.368  0.821416
-0.367  0.824216
-0.366  0.827253
-0.365  0.830516
-0.364  0.834448
-0.363  0.837378
-0.362  0.840819
-0.361  0.843852
-0.360  0.847425
-0.359  0.850547
-0.358  0.853651
-0.357  0.857217
-0.356  0.861116
-0.355  0.864168
-0.354  0.867638
-0.353  0.871611
-0.352  0.874853
-0.351  0.878141
-0.350  0.882008
-0.349  0.885600
-0.348  0.889066
-0.347  0.892929
-0.346  0.896814
-0.345  0.900490
-0.344  0.904146
-0.343  0.908072
-0.342  0.911988
-0.341  0.915736
-0.340  0.919957
-0.339  0.923769
-0.338  0.927919
-0.337  0.931992
-0.336  0.935932
-0.335  0.940501
-0.334  0.944409
-0.333  0.948894
-0.332  0.953062
-0.331  0.957348
-0.330  0.961975
-0.329  0.966269
-0.328  0.971101
-0.327  0.975439
-0.326  0.980375
-0.325  0.984885
-0.324  0.989676
-0.323  0.994594
-0.322  0.999461
-0.321  1.004616
-0.320  1.009580
-0.319  1.014911
-0.318  1.019988
-0.317  1.025563
-0.316  1.030848
-0.315  1.036621
-0.314  1.042082
-0.313  1.048015
-0.312  1.053640
-0.311  1.059834
-0.310  1.065844
-0.309  1.072230
-0.308  1.078581
-0.307  1.085225
-0.306  1.091904
-0.305  1.098854
-0.304  1.105870
-0.303  1.113154
-0.302  1.120545
-0.301  1.128397
-0.300  1.136345
-0.299  1.144763
-0.298  1.153244
-0.297  1.162276
-0.296  1.171541
-0.295  1.181585
-0.294  1.191790
-0.293  1.202684
-0.292  1.213913
-0.291  1.225943
-0.290  1.238462
-0.289  1.252882
-0.288  1.267686
-0.287  1.283598
-0.286  1.302336
-0.285  1.322628
-0.284  1.345704
-0.283  1.373582
-0.282  1.407193
-0.281  1.451501
-0.280  1.515550
-0.279  1.651910
-0.278  1.675302
-0.277  1.531581
-0.276  1.467198
-0.275  1.428840
-0.274  1.397358
-0.273  1.376236
-0.272  1.358276
-0.271  1.343141
-0.270  1.330150
-0.269  1.319044
-0.268  1.309256
-0.267  1.300731
-0.266  1.292897
-0.265  1.285964
-0.264  1.279976
-0.263  1.275329
-0.262  1.270423
-0.261  1.265806
-0.260  1.262166
-0.259  1.258975
-0.258  1.255646
-0.257  1.252781
-0.256  1.250773
-0.255  1.248181
-0.254  1.246585
-0.253  1.244818
-0.252  1.243046
-0.251  1.242171
-0.250  1.240959
-0.249  1.240171
-0.248  1.239507
-0.247  1.238677
-0.246  1.238638
-0.245  1.237945
-0.244  1.238319
-0.243  1.237938
-0.242  1.238516
-0.241  1.238466
-0.240  1.239195
-0.239  1.239486
-0.238  1.240341
-0.237  1.240898
-0.236  1.241921
-0.235  1.242692
-0.234  1.243860
-0.233  1.244860
-0.232  1.246175
-0.231  1.247381
-0.230  1.248844
-0.229  1.250242
-0.228  1.251846
-0.227  1.253433
-0.226  1.255401
-0.225  1.257117
-0.224  1.259140
-0.223  1.261064
-0.222  1.263155
-0.221  1.265239
-0.220  1.267450
-0.219  1.269675
-0.218  1.272023
-0.217  1.274659
-0.216  1.277026
-0.215  1.279770
-0.214  1.282328
-0.213  1.285117
-0.212  1.287823
-0.211  1.290717
-0.210  1.293867
-0.209  1.296749
-0.208  1.300007
-0.207  1.303028
-0.206  1.306370
-0.205  1.309749
-0.204  1.312977
-0.203  1.316711
-0.202  1.320111
-0.201  1.323855
-0.200  1.327609
-0.199  1.331232
-0.198  1.335367
-0.197  1.339103
-0.196  1.343294
-0.195  1.347517
-0.194  1.351461
-0.193  1.356051
-0.192  1.360269
-0.191  1.364784
-0.190  1.369551
-0.189  1.373773
-0.188  1.378887
-0.187  1.383846
-0.186  1.388464
-0.185  1.393826
-0.184  1.398980
-0.183  1.404024
-0.182  1.409653
-0.181  1.415067
-0.180  1.420504
-0.179  1.426455
-0.178  1.432285
-0.177  1.438007
-0.176  1.444253
-0.175  1.450627
-0.174  1.456824
-0.173  1.463236
-0.172  1.470143
-0.171  1.476921
-0.170  1.483519
-0.169  1.490904
-0.168  1.498237
-0.167  1.505679
-0.166  1.513026
-0.165  1.520976
-0.164  1.529169
-0.163  1.537383
-0.162  1.545318
-0.161  1.554179
-0.160  1.563225
-0.159  1.572413
-0.158  1.581748
-0.157  1.590988
-0.156  1.600960
-0.155  1.611279
-0.154  1.621865
-0.153  1.632847
-0.152  1.643963
-0.151  1.655469
-0.150  1.667371
-0.149  1.679261
-0.148  1.691972
-0.147  1.705392
-0.146  1.719179
-0.145  1.733535
-0.144  1.748375
-0.143  1.763731
-0.142  1.779979
-0.141  1.796878
-0.140  1.814449
-0.139  1.833535
-0.138  1.853413
-0.137  1.874133
-0.136  1.895998
-0.135  1.918979
-0.134  1.943261
-0.133  1.970633
-0.132  1.998910
-0.131  2.028869
-0.130  2.063109
-0.129  2.099381
-0.128  2.140751
-0.127  2.185570
-0.126  2.236911
-0.125  2.297006
-0.124  2.366963
-0.123  2.452123
-0.122  2.565501
-0.121  2.722102
-0.120  2.988228
-0.119  4.822872
-0.118  2.992647
-0.117  2.722818
-0.116  2.565188
-0.115  2.454490
-0.114  2.366438
-0.113  2.297705
-0.112  2.237572
-0.111  2.186856
-0.110  2.138496
-0.109  2.099241
-0.108  2.062997
-0.107  2.029420
-0.106  1.998152
-0.105  1.969181
-0.104  1.942118
-0.103  1.916878
-0.102  1.893480
-0.101  1.871390
-0.100  1.850306
-0.099  1.830233
-0.098  1.810978
-0.097  1.793507
-0.096  1.776055
-0.095  1.759035
-0.094  1.742872
-0.093  1.728515
-0.092  1.713817
-0.091  1.699151
-0.090  1.684919
-0.089  1.672762
-0.088  1.659747
-0.087  1.646724
-0.086  1.635225
-0.085  1.623714
-0.084  1.612213
-0.083  1.601002
-0.082  1.590567
-0.081  1.580296
-0.080  1.569619
-0.079  1.559987
-0.078  1.550523
-0.077  1.540744
-0.076  1.532053
-0.075  1.522585
-0.074  1.514167
-0.073  1.505434
-0.072  1.496553
-0.071  1.488864
-0.070  1.480162
-0.069  1.472925
-0.068  1.464638
-0.067  1.457406
-0.066  1.449699
-0.065  1.442251
-0.064  1.435198
-0.063  1.428105
-0.062  1.421134
-0.061  1.414373
-0.060  1.407572
-0.059  1.401047
-0.058  1.394380
-0.057  1.388185
-0.056  1.381560
-0.055  1.375660
-0.054  1.369460
-0.053  1.363471
-0.052  1.357537
-0.051  1.351666
-0.050  1.345913
-0.049  1.340146
-0.048  1.334654
-0.047  1.328897
-0.046  1.323663
-0.045  1.318159
-0.044  1.312922
-0.043  1.307693
-0.042  1.302461
-0.041  1.297360
-0.040  1.292220
-0.039  1.287257
-0.038  1.282411
-0.037  1.277344
-0.036  1.272804
-0.035  1.267594
-0.034  1.263309
-0.033  1.258214
-0.032  1.253936
-0.031  1.249453
-0.030  1.244736
-0.029  1.240517
-0.028  1.235847
-0.027  1.231683
-0.026  1.227195
-0.025  1.222981
-0.024  1.218753
-0.023  1.214611
-0.022  1.210486
-0.021  1.206323
-0.020  1.202195
-0.019  1.198119
-0.018  1.194320
-0.017  1.190191
-0.016  1.186424
-0.015  1.182541
-0.014  1.178518
-0.013  1.174969
-0.012  1.170666
-0.011  1.167323
-0.010  1.163722
-0.009  1.159708
-0.008  1.156357
-0.007  1.152527
-0.006  1.148973
-0.005  1.145588
-0.004  1.141943
-0.003  1.138454
-0.002  1.134862
-0.001  1.131572
 0.000  1.128129
 0.001  1.124710
 0.002  1.121410
 0.003  1.117941
 0.004  1.114764
 0.005  1.111440
 0.006  1.108014
 0.007  1.105017
 0.008  1.101651
 0.009  1.098437
 0.010  1.095459
 0.011  1.091931
 0.012  1.089044
 0.013  1.086081
 0.014  1.082716
 0.015  1.079830
 0.016  1.076869
 0.017  1.073684
 0.018  1.070787
 0.019  1.067782
 0.020  1.064817
 0.021  1.061907
 0.022  1.058898
 0.023  1.056108
 0.024  1.053186
 0.025  1.050287
 0.026  1.047551
 0.027  1.044612
 0.028  1.041828
 0.029  1.039144
 0.030  1.036178
 0.031  1.033514
 0.032  1.030878
 0.033  1.027836
 0.034  1.025341
 0.035  1.022751
 0.036  1.019776
 0.037  1.017304
 0.038  1.014758
 0.039  1.011924
 0.040  1.009398
 0.041  1.006894
 0.042  1.004160
 0.043  1.001618
 0.044  0.999155
 0.045  0.996506
 0.046  0.993961
 0.047  0.991539
 0.048  0.988963
 0.049  0.986559
 0.050  0.984042
 0.051  0.981529
 0.052  0.979201
 0.053  0.976658
 0.054  0.974202
 0.055  0.971934
 0.056  0.969451
 0.057  0.966978
 0.058  0.964764
 0.059  0.962392
 0.060  0.959854
 0.061  0.957690
 0.062  0.955391
 0.063  0.952827
 0.064  0.950710
 0.065  0.948472
 0.066  0.946050
 0.067  0.943823
 0.068  0.941641
 0.069  0.939276
 0.070  0.937025
 0.071  0.934896
 0.072  0.932571
 0.073  0.930473
 0.074  0.928234
 0.075  0.925943
 0.076  0.923912
 0.077  0.921720
 0.078  0.919500
 0.079  0.917414
 0.080  0.915328
 0.081  0.913074
 0.082  0.910987
 0.083  0.908966
 0.084  0.906826
 0.085  0.904631
 0.086  0.902663
 0.087  0.900613
 0.088  0.898345
 0.089  0.896426
 0.090  0.894440
 0.091  0.892284
 0.092  0.890254
 0.093  0.888323
 0.094  0.886319
 0.095  0.884256
 0.096  0.882264
 0.097  0.880341
 0.098  0.878296
 0.099  0.876306
 0.100  0.874403
 0.101  0.872370
 0.102  0.870488
 0.103  0.868517
 0.104  0.866565
 0.105  0.864669
 0.106  0.862817
 0.107  0.860823
 0.108  0.858893
 0.109  0.857108
 0.110  0.855208
 0.111  0.853166
 0.112  0.851432
 0.113  0.849615
 0.114  0.847639
 0.115  0.845800
 0.116  0.844041
 0.117  0.842189
 0.118  0.840234
 0.119  0.838506
 0.120  0.836719
 0.121  0.834833
 0.122  0.833014
 0.123  0.831278
 0.124  0.829524
 0.125  0.827704
 0.126  0.825874
 0.127  0.824190
 0.128  0.822366
 0.129  0.820637
 0.130  0.818879
 0.131  0.817148
 0.132  0.815382
 0.133  0.813719
 0.134  0.811946
 0.135  0.810152
 0.136  0.808550
 0.137  0.806868
 0.138  0.805033
 0.139  0.803400
 0.140  0.801785
 0.141  0.800053
 0.142  0.798283
 0.143  0.796716
 0.144  0.795053
 0.145  0.793377
 0.146  0.791675
 0.147  0.790060
 0.148  0.788477
 0.149  0.786766
 0.150  0.785091
 0.151  0.783565
 0.152  0.781954
 0.153  0.780252
 0.154  0.778672
 0.155  0.777132
 0.156  0.775433
 0.157  0.773906
 0.158  0.772316
 0.159  0.770731
 0.160  0.769139
 0.161  0.767626
 0.162  0.766002
 0.163  0.764384
 0.164  0.762926
 0.165  0.761393
 0.166  0.759776
 0.167  0.758237
 0.168  0.756762
 0.169  0.755237
 0.170  0.753645
 0.171  0.752140
 0.172  0.750662
 0.173  0.749193
 0.174  0.747543
 0.175  0.746098
 0.176  0.744684
 0.177  0.743199
 0.178  0.741588
 0.179  0.740182
 0.180  0.738759
 0.181  0.737226
 0.182  0.735758
 0.183  0.734322
 0.184  0.732857
 0.185  0.731381
 0.186  0.729975
 0.187  0.728476
 0.188  0.727097
 0.189  0.725648
 0.190  0.724196
 0.191  0.722782
 0.192  0.721387
 0.193  0.719942
 0.194  0.718573
 0.195  0.717141
 0.196  0.715683
 0.197  0.714342
 0.198  0.713003
 0.199  0.711555
 0.200  0.710120
 0.201  0.708825
 0.202  0.707475
 0.203  0.706046
 0.204  0.704657
 0.205  0.703353
 0.206  0.701989
 0.207  0.700626
 0.208  0.699241
 0.209  0.697910
 0.210  0.696623
 0.211  0.695233
 0.212  0.693841
 0.213  0.692597
 0.214  0.691306
 0.215  0.689889
 0.216  0.688600
 0.217  0.687334
 0.218  0.686008
 0.219  0.684690
 0.220  0.683424
 0.221  0.682103
 0.222  0.680809
 0.223  0.679540
 0.224  0.678269
 0.225  0.676938
 0.226  0.675677
 0.227  0.674429
 0.228  0.673155
 0.229  0.671871
 0.230  0.670590
 0.231  0.669345
 0.232  0.668150
 0.233  0.666894
 0.234  0.665542
 0.235  0.664383
 0.236  0.663188
 0.237  0.661891
 0.238  0.660626
 0.239  0.659467
 0.240  0.658248
 0.241  0.657022
 0.242  0.655756
 0.243  0.654583
 0.244  0.653388
 0.245  0.652197
 0.246  0.650971
 0.247  0.649746
 0.248  0.648608
 0.249  0.647403
 0.250  0.646184
 0.251  0.645012
 0.252  0.643870
 0.253  0.642618
 0.254  0.641508
 0.255  0.640346
 0.256  0.639127
 0.257  0.637979
 0.258  0.636873
 0.259  0.635706
 0.260  0.634522
 0.261  0.633383
 0.262  0.632267
 0.263  0.631119
 0.264  0.629960
 0.265  0.628823
 0.266  0.627695
 0.267  0.626614
 0.268  0.625479
 0.269  0.624276
 0.270  0.623227
 0.271  0.622146
 0.272  0.620972
 0.273  0.619848
 0.274  0.618799
 0.275  0.617698
 0.276  0.616590
 0.277  0.615492
 0.278  0.614400
 0.279  0.613316
 0.280  0.612245
 0.281  0.611161
 0.282  0.610035
 0.283  0.609011
 0.284  0.607932
 0.285  0.606834
 0.286  0.605790
 0.287  0.604744
 0.288  0.603615
 0.289  0.602619
 0.290  0.601590
 0.291  0.600500
 0.292  0.599434
 0.293  0.598440
 0.294  0.597408
 0.295  0.596321
 0.296  0.595292
 0.297  0.594294
 0.298  0.593247
 0.299  0.592243
 0.300  0.591184
 0.301  0.590151
 0.302  0.589185
 0.303  0.588185
 0.304  0.587091
 0.305  0.586123
 0.306  0.585158
 0.307  0.584151
 0.308  0.583112
 0.309  0.582132
 0.310  0.581161
 0.311  0.580147
 0.312  0.579172
 0.313  0.578175
 0.314  0.577175
 0.315  0.576232
 0.316  0.575263
 0.317  0.574251
 0.318  0.573294
 0.319  0.572352
 0.320  0.571375
 0.321  0.570414
 0.322  0.569450
 0.323  0.568501
 0.324  0.567527
 0.325  0.566615
 0.326  0.565671
 0.327  0.564663
 0.328  0.563758
 0.329  0.562847
 0.330  0.561867
 0.331  0.560923
 0.332  0.560023
 0.333  0.559098
 0.334  0.558172
 0.335  0.557250
 0.336  0.556315
 0.337  0.555392
 0.338  0.554510
 0.339  0.553587
 0.340  0.552631
 0.341  0.551761
 0.342  0.550878
 0.343  0.549923
 0.344  0.549056
 0.345  0.548162
 0.346  0.547265
 0.347  0.546363
 0.348  0.545502
 0.349  0.544601
 0.350  0.543696
 0.351  0.542836
 0.352  0.541972
 0.353  0.541064
 0.354  0.540197
 0.355  0.539338
 0.356  0.538441
 0.357  0.537607
 0.358  0.536744
 0.359  0.535859
 0.360  0.535010
 0.361  0.534178
 0.362  0.533318
 0.363  0.532424
 0.364  0.531610
 0.365  0.530776
 0.366  0.529902
 0.367  0.529071
 0.368  0.528239
 0.369  0.527373
 0.370  0.526567
 0.371  0.525745
 0.372  0.524885
 0.373  0.524066
 0.374  0.523262
 0.375  0.522437
 0.376  0.521594
 0.377  0.520789
 0.378  0.519982
 0.379  0.519147
 0.380  0.518358
 0.381  0.517540
 0.382  0.516705
 0.383  0.515933
 0.384  0.515146
 0.385  0.514324
 0.386  0.513519
 0.387  0.512748
 0.388  0.511955
 0.389  0.511150
 0.390  0.510363
 0.391  0.509587
 0.392  0.508785
 0.393  0.508026
 0.394  0.507251
 0.395  0.506432
 0.396  0.505686
 0.397  0.504929
 0.398  0.504138
 0.399  0.503360
 0.400  0.502615
 0.401  0.501852
 0.402  0.501083
 0.403  0.500334
 0.404  0.499567
 0.405  0.498805
 0.406  0.498070
 0.407  0.497322
 0.408  0.496534
 0.409  0.495818
 0.410  0.495083
 0.411  0.494309
 0.412  0.493588
 0.413  0.492857
 0.414  0.492109
 0.415  0.491376
 0.416  0.490660
 0.417  0.489921
 0.418  0.489179
 0.419  0.488470
 0.420  0.487756
 0.421  0.487014
 0.422  0.486297
 0.423  0.485588
 0.424  0.484865
 0.425  0.484162
 0.426  0.483446
 0.427  0.482710
 0.428  0.482035
 0.429  0.481333
 0.430  0.480611
 0.431  0.479907
 0.432  0.479230
 0.433  0.478523
 0.434  0.477817
 0.435  0.477140
 0.436  0.476445
 0.437  0.475739
 0.438  0.475066
 0.439  0.474397
 0.440  0.473679
 0.441  0.473009
 0.442  0.472338
 0.443  0.471652
 0.444  0.470976
 0.445  0.470302
 0.446  0.469621
 0.447  0.468968
 0.448  0.468296
 0.449  0.467607
 0.450  0.466974
 0.451  0.466307
 0.452  0.465631
 0.453  0.464971
 0.454  0.464335
 0.455  0.463665
 0.456  0.463002
 0.457  0.462377
 0.458  0.461715
 0.459  0.461051
 0.460  0.460415
 0.461  0.459792
 0.462  0.459121
 0.463  0.458482
 0.464  0.457856
 0.465  0.457215
 0.466  0.456575
 0.467  0.455938
 0.468  0.455324
 0.469  0.454686
 0.470  0.454050
 0.471  0.453417
 0.472  0.452813
 0.473  0.452179
 0.474  0.451543
 0.475  0.450963
 0.476  0.450326
 0.477  0.449688
 0.478  0.449091
 0.479  0.448495
 0.480  0.447854
 0.481  0.447249
 0.482  0.446679
 0.483  0.446042
 0.484  0.445432
 0.485  0.444845
 0.486  0.444245
 0.487  0.443634
 0.488  0.443038
 0.489  0.442467
 0.490  0.441854
 0.491  0.441253
 0.492  0.440692
 0.493  0.440091
 0.494  0.439488
 0.495  0.438906
 0.496  0.438346
 0.497  0.437741
 0.498  0.437154
 0.499  0.436617
 0.500  0.436011
 0.501  0.435421
 0.502  0.434886
 0.503  0.434298
 0.504  0.433707
 0.505  0.433148
 0.506  0.432600
 0.507  0.432011
 0.508  0.431443
 0.509  0.430918
 0.510  0.430326
 0.511  0.429759
 0.512  0.429252
 0.513  0.428659
 0.514  0.428086
 0.515  0.427604
 0.516  0.427008
 0.517  0.426433
 0.518  0.425915
 0.519  0.425367
 0.520  0.424798
 0.521  0.424271
 0.522  0.423741
 0.523  0.423171
 0.524  0.422648
 0.525  0.422132
 0.526  0.421565
 0.527  0.421030
 0.528  0.420532
 0.529  0.419980
 0.530  0.419435
 0.531  0.418945
 0.532  0.418389
 0.533  0.417858
 0.534  0.417378
 0.535  0.416815
 0.536  0.416285
 0.537  0.415836
 0.538  0.415256
 0.539  0.414737
 0.540  0.414271
 0.541  0.413705
 0.542  0.413219
 0.543  0.412728
 0.544  0.412167
 0.545  0.411719
 0.546  0.411199
 0.547  0.410657
 0.548  0.410253
 0.549  0.409670
 0.550  0.409185
 0.551  0.408734
 0.552  0.408170
 0.553  0.407676
 0.554  0.407223
 0.555  0.406711
 0.556  0.406213
 0.557  0.405732
 0.558  0.405214
 0.559  0.404815
 0.560  0.404279
 0.561  0.403749
 0.562  0.403351
 0.563  0.402800
 0.564  0.402377
 0.565  0.401874
 0.566  0.401339
 0.567  0.401000
 0.568  0.400402
 0.569  0.400028
 0.570  0.399489
 0.571  0.398991
 0.572  0.398613
 0.573  0.398041
 0.574  0.397740
 0.575  0.397128
 0.576  0.396725
 0.577  0.396239
 0.578  0.395786
 0.579  0.395360
 0.580  0.394897
 0.581  0.394497
 0.582  0.393949
 0.583  0.393510
 0.584  0.393064
 0.585  0.392571
 0.586  0.392167
 0.587  0.391649
 0.588  0.391315
 0.589  0.390753
 0.590  0.390469
 0.591  0.389846
 0.592  0.389612
 0.593  0.388964
 0.594  0.388701
 0.595  0.388071
 0.596  0.387788
 0.597  0.387226
 0.598  0.386855
 0.599  0.386460
 0.600  0.385926
 0.601  0.385807
 0.602  0.385026
 0.603  0.384775
 0.604  0.384361
 0.605  0.383791
 0.606  0.383647
 0.607  0.382992
 0.608  0.382544
 0.609  0.382304
 0.610  0.381801
 0.611  0.381255
 0.612  0.381056
 0.613  0.380443
 0.614  0.380120
 0.615  0.379683
 0.616  0.379292
 0.617  0.379050
 0.618  0.378310
 0.619  0.377804
 0.620  0.377352
 0.621  0.376926
 0.622  0.376835
 0.623  0.377113
 0.624  0.375797
 0.625  0.375433
 0.626  0.374285
 0.627  0.373503
 0.628  0.371743
 0.629  0.212398
 0.630  0.212353
 0.631  0.212313
 0.632  0.212283
 0.633  0.212275
 0.634  0.212232
 0.635  0.212194
 0.636  0.212166
 0.637  0.212161
 0.638  0.212119
 0.639  0.212083
 0.640  0.212059
 0.641  0.212055
 0.642  0.212015
 0.643  0.211981
 0.644  0.211959
 0.645  0.211957
 0.646  0.211918
 0.647  0.211888
 0.648  0.211870
 0.649  0.211866
 0.650  0.211830
 0.651  0.211802
 0.652  0.211789
 0.653  0.211785
 0.654  0.211751
 0.655  0.211726
 0.656  0.211719
 0.657  0.211711
 0.658  0.211680
 0.659  0.211659
 0.660  0.211661
 0.661  0.211646
 0.662  0.211618
 0.663  0.211601
 0.664  0.211623
 0.665  0.211590
 0.666  0.211565
 0.667  0.211552
 0.668  0.211572
 0.669  0.211542
 0.670  0.211521
 0.671  0.211514
 0.672  0.211530
 0.673  0.211503
 0.674  0.211486
 0.675  0.211487
 0.676  0.211496
 0.677  0.211473
 0.678  0.211460
 0.679  0.211475
 0.680  0.211471
 0.681  0.211452
 0.682  0.211445
 0.683  0.211480
 0.684  0.211455
 0.685  0.211441
 0.686  0.211442
 0.687  0.211469
 0.688  0.211449
 0.689  0.211439
 0.690  0.211453
 0.691  0.211468
 0.692  0.211452
 0.693  0.211449
 0.694  0.211496
 0.695  0.211476
 0.696  0.211465
 0.697  0.211472
 0.698  0.211509
 0.699  0.211494
 0.700  0.211490
 0.701  0.211512
 0.702  0.211532
 0.703  0.211522
 0.704  0.211527
 0.705  0.211580
 0.706  0.211565
 0.707  0.211561
 0.708  0.211579
 0.709  0.211617
 0.710  0.211608
 0.711  0.211613
 0.712  0.211664
 0.713  0.211666
 0.714  0.211664
 0.715  0.211682
 0.716  0.211732
 0.717  0.211725
 0.718  0.211733
 0.719  0.211777
 0.720  0.211796
 0.721  0.211797
 0.722  0.211818
 0.723  0.211876
 0.724  0.211872
 0.725  0.211884
 0.726  0.211935
 0.727  0.211957
 0.728  0.211962
 0.729  0.211989
 0.730  0.212051
 0.731  0.212050
 0.732  0.212067
 0.733  0.212145
 0.734  0.212149
 0.735  0.212159
 0.736  0.212196
 0.737  0.212256
 0.738  0.212261
 0.739  0.212286
 0.740  0.212371
 0.741  0.212372
 0.742  0.212390
 0.743  0.212447
 0.744  0.212492
 0.745  0.212505
 0.746  0.212544
 0.747  0.212620
 0.748  0.212629
 0.749  0.212659
 0.750  0.212757
 0.751  0.212762
 0.752  0.212786
 0.753  0.212853
 0.754  0.212904
 0.755  0.212923
 0.756  0.212973
 0.757  0.213053
 0.758  0.213069
 0.759  0.213110
 0.760  0.213211
 0.761  0.213223
 0.762  0.213259
 0.763  0.213375
 0.764  0.213386
 0.765  0.213417
 0.766  0.213497
 0.767  0.213557
 0.768  0.213585
 0.769  0.213651
 0.770  0.213735
 0.771  0.213761
 0.772  0.213820
 0.773  0.213921
 0.774  0.213945
 0.775  0.214000
 0.776  0.214115
 0.777  0.214138
 0.778  0.214190
 0.779  0.214316
 0.780  0.214338
 0.781  0.214388
 0.782  0.214524
 0.783  0.214546
 0.784  0.214596
 0.785  0.214740
 0.786  0.214762
 0.787  0.214812
 0.788  0.214963
 0.789  0.214986
 0.790  0.215037
 0.791  0.215189
 0.792  0.215217
 0.793  0.215271
 0.794  0.215431
 0.795  0.215457
 0.796  0.215513
 0.797  0.215676
 0.798  0.215704
 0.799  0.215764
 0.800  0.215929
 0.801  0.215960
 0.802  0.216025
 0.803  0.216189
 0.804  0.216223
 0.805  0.216295
 0.806  0.216456
 0.807  0.216496
 0.808  0.216577
 0.809  0.216731
 0.810  0.216777
 0.811  0.216870
 0.812  0.217015
 0.813  0.217068
 0.814  0.217180
 0.815  0.217308
 0.816  0.217370
 0.817  0.217514
 0.818  0.217609
 0.819  0.217684
 0.820  0.217876
 0.821  0.217921
 0.822  0.218012
 0.823  0.218189
 0.824  0.218244
 0.825  0.218360
 0.826  0.218510
 0.827  0.218580
 0.828  0.218751
 0.829  0.218843
 0.830  0.218933
 0.831  0.219133
 0.832  0.219189
 0.833  0.219309
 0.834  0.219476
 0.835  0.219551
 0.836  0.219749
 0.837  0.219831
 0.838  0.219934
 0.839  0.220137
 0.840  0.220204
 0.841  0.220356
 0.842  0.220504
 0.843  0.220599
 0.844  0.220824
 0.845  0.220889
 0.846  0.221033
 0.847  0.221202
 0.848  0.221298
 0.849  0.221536
 0.850  0.221602
 0.851  0.221753
 0.852  0.221927
 0.853  0.222030
 0.854  0.222271
 0.855  0.222344
 0.856  0.222521
 0.857  0.222678
 0.858  0.222798
 0.859  0.223029
 0.860  0.223117
 0.861  0.223393
 0.862  0.223456
 0.863  0.223613
 0.864  0.223813
 0.865  0.223928
 0.866  0.224181
 0.867  0.224270
 0.868  0.224561
 0.869  0.224627
 0.870  0.224803
 0.871  0.224998
 0.872  0.225133
 0.873  0.225379
 0.874  0.225487
 0.875  0.225769
 0.876  0.225856
 0.877  0.226166
 0.878  0.226237
 0.879  0.226448
 0.880  0.226626
 0.881  0.226798
 0.882  0.227023
 0.883  0.227171
 0.884  0.227426
 0.885  0.227556
 0.886  0.227836
 0.887  0.227953
 0.888  0.228248
 0.889  0.228357
 0.890  0.228667
 0.891  0.228769
 0.892  0.229086
 0.893  0.229184
 0.894  0.229511
 0.895  0.229608
 0.896  0.229937
 0.897  0.230036
 0.898  0.230366
 0.899  0.230471
 0.900  0.230798
 0.901  0.230912
 0.902  0.231232
 0.903  0.231362
 0.904  0.231669
 0.905  0.231823
 0.906  0.232110
 0.907  0.232304
 0.908  0.232557
 0.909  0.232823
 0.910  0.233012
 0.911  0.233392
 0.912  0.233480
 0.913  0.233833
 0.914  0.233969
 0.915  0.234281
 0.916  0.234502
 0.917  0.234744
 0.918  0.235141
 0.919  0.235231
 0.920  0.235583
 0.921  0.235769
 0.922  0.236045
 0.923  0.236456
 0.924  0.236546
 0.925  0.236897
 0.926  0.237141
 0.927  0.237375
 0.928  0.237767
 0.929  0.237930
 0.930  0.238228
 0.931  0.238643
 0.932  0.238777
 0.933  0.239095
 0.934  0.239517
 0.935  0.239656
 0.936  0.239969
 0.937  0.240382
 0.938  0.240592
 0.939  0.240858
 0.940  0.241247
 0.941  0.241701
 0.942  0.241795
 0.943  0.242128
 0.944  0.242539
 0.945  0.243000
 0.946  0.243093
 0.947  0.243419
 0.948  0.243817
 0.949  0.244255
 0.950  0.244714
 0.951  0.244792
 0.952  0.245120
 0.953  0.245503
 0.954  0.245913
 0.955  0.246342
 0.956  0.246783
 0.957  0.247229
 0.958  0.247476
 0.959  0.247757
 0.960  0.248105
 0.961  0.248476
 0.962  0.248863
 0.963  0.249267
 0.964  0.249699
 0.965  0.250181
 0.966  0.250855
 0.967  0.251170
 0.968  0.251471
 0.969  0.251781
 0.970  0.252129
 0.971  0.252648
 0.972  0.253352
 0.973  0.253511
 0.974  0.253951
 0.975  0.254619
 0.976  0.254801
 0.977  0.255545
 0.978  0.255876
 0.979  0.256201
 0.980  0.256851
 0.981  0.257449
 0.982  0.257838
 0.983  0.258042
 0.984  0.259380
 0.985  0.260587
 0.986  0.259563
 0.987  0.263440
 0.988  0.000000
 0.989  0.000000
 0.990  0.000000
 0.991  0.000000
 0.992  0.000000
 0.993  0.000000
 0.994  0.000000
 0.995  0.000000
 0.996  0.000000
 0.997  0.000000
 0.998  0.000000
 0.999  0.000000
 1.000  0.000000
