-0.420  0.000000
-0.419  0.000000
-0.418  0.000000
-0.417  0.000000
-0.416  0.000000
-0.415  0.000000
-0.414  0.000000
-0.413  0.000000
-0.412  0.000000
-0.411  0.000000
-0.410  0.000000
-0.409  0.000000
-0.408  0.000000
-0.407  0.000000
-0.406  1.204133
-0.405  0.890144
-0.404  0.776528
-0.403  0.715048
-0.402  0.674128
-0.401  0.639008
-0.400  0.612940
-0.399  0.591050
-0.398  0.573070
-0.397  0.557870
-0.396  0.545913
-0.395  0.534980
-0.394  0.525705
-0.393  0.517338
-0.392  0.509299
-0.391  0.503311
-0.390  0.496613
-0.389  0.491492
-0.388  0.486993
-0.387  0.481556
-0.386  0.477542
-0.385  0.473787
-0.384  0.469712
-0.383  0.466827
-0.382  0.463267
-0.381  0.460284
-0.380  0.457361
-0.379  1.074079
-0.378  1.103295
-0.377  1.137746
-0.376  1.180461
-0.375  1.243397
-0.374  1.354334
-0.373  1.568861
-0.372  1.253592
-0.371  1.152294
-0.370  1.094557
-0.369  1.074363
-0.368  1.339257
-0.367  1.162925
-0.366  1.102949
-0.365  1.070195
-0.364  1.045671
-0.363  1.027917
-0.362  1.013299
-0.361  1.001525
-0.360  0.993905
-0.359  0.986486
-0.358  0.979913
-0.357  0.975933
-0.356  0.971587
-0.355  0.968151
-0.354  0.965615
-0.353  0.963584
-0.352  0.961710
-0.351  0.960863
-0.350  0.960167
-0.349  0.959906
-0.348  0.960539
-0.347  0.961178
-0.346  0.962031
-0.345  0.963033
-0.344  0.964583
-0.343  0.966308
-0.342  0.968097
-0.341  0.969997
-0.340  0.972275
-0.339  0.975158
-0.338  0.978090
-0.337  0.981127
-0.336  0.984212
-0.335  0.987592
-0.334  0.991419
-0.333  0.995376
-0.332  0.999498
-0.331  1.003678
-0.330  1.007893
-0.329  1.012973
-0.328  1.017940
-0.327  1.023032
-0.326  1.028388
-0.325  1.033971
-0.324  1.039873
-0.323  1.045885
-0.322  1.052305
-0.321  1.059019
-0.320  1.065762
-0.319  1.301415
-0.318  1.264574
-0.317  1.255723
-0.316  1.254623
-0.315  1.257895
-0.314  1.263104
-0.313  1.270066
-0.312  1.278108
-0.311  1.287200
-0.310  1.296920
-0.309  1.307742
-0.308  1.319198
-0.307  1.331235
-0.306  1.344330
-0.305  1.358077
-0.304  1.372733
-0.303  1.388311
-0.302  1.404819
-0.301  1.422338
-0.300  1.441945
-0.299  1.463114
-0.298  1.592362
-0.297  1.616284
-0.296  1.646070
-0.295  1.679656
-0.294  1.716516
-0.293  1.762249
-0.292  1.818331
-0.291  1.898071
-0.290  2.027120
-0.289  2.482364
-0.288  2.026244
-0.287  1.920488
-0.286  1.866940
-0.285  1.829289
-0.284  1.802218
-0.283  1.779933
-0.282  1.764267
-0.281  1.751268
-0.280  1.742306
-0.279  1.733506
-0.278  1.728004
-0.277  1.724139
-0.276  1.720245
-0.275  1.719202
-0.274  1.717918
-0.273  1.717876
-0.272  1.719359
-0.271  1.720458
-0.270  1.723924
-0.269  1.727002
-0.268  1.731712
-0.267  1.736059
-0.266  1.742123
-0.265  1.747741
-0.264  1.754739
-0.263  1.762142
-0.262  1.770709
-0.261  1.780200
-0.260  1.789723
-0.259  1.800260
-0.258  1.811015
-0.257  1.822653
-0.256  1.836027
-0.255  1.849920
-0.254  1.863816
-0.253  1.878828
-0.252  1.896423
-0.251  1.912091
-0.250  1.931794
-0.249  1.949892
-0.248  1.970233
-0.247  1.989914
-0.246  2.011503
-0.245  2.033664
-0.244  2.055628
-0.243  2.077810
-0.242  2.097543
-0.241  2.116030
-0.240  2.132106
-0.239  2.146335
-0.238  2.156232
-0.237  2.162304
-0.236  2.164181
-0.235  2.168693
-0.234  1.310866
-0.233  1.323872
-0.232  1.336820
-0.231  1.350227
-0.230  1.364473
-0.229  1.378948
-0.228  1.394224
-0.227  1.409194
-0.226  1.425113
-0.225  1.441913
-0.224  1.458915
-0.223  1.477306
-0.222  1.496035
-0.221  1.515369
-0.220  1.535980
-0.219  1.557047
-0.218  1.578665
-0.217  1.602486
-0.216  1.627450
-0.215  1.653945
-0.214  1.682156
-0.213  1.712240
-0.212  1.744338
-0.211  1.778975
-0.210  1.817501
-0.209  1.859917
-0.208  1.905969
-0.207  1.956668
-0.206  2.016911
-0.205  2.084035
-0.204  2.168043
-0.203  2.271408
-0.202  2.407444
-0.201  2.617599
-0.200  3.127069
-0.199  2.917569
-0.198  2.589450
-0.197  2.427813
-0.196  2.325613
-0.195  2.245883
-0.194  2.184792
-0.193  2.133080
-0.192  2.091455
-0.191  2.053189
-0.190  2.021084
-0.189  1.990593
-0.188  1.964917
-0.187  1.941091
-0.186  1.917601
-0.185  1.897028
-0.184  1.878301
-0.183  1.859588
-0.182  1.841777
-0.181  1.824651
-0.180  1.809512
-0.179  1.787326
-0.178  1.335783
-0.177  1.332548
-0.176  1.329799
-0.175  1.327036
-0.174  1.325063
-0.173  1.323368
-0.172  1.322132
-0.171  1.321160
-0.170  1.320274
-0.169  1.320343
-0.168  1.321589
-0.167  1.318738
-0.166  1.237718
-0.165  1.260170
-0.164  1.289372
-0.163  1.331009
-0.162  1.476647
-0.161  1.367618
-0.160  1.357020
-0.159  1.353325
-0.158  1.352969
-0.157  1.354428
-0.156  1.357239
-0.155  1.361227
-0.154  1.366272
-0.153  1.372445
-0.152  1.379622
-0.151  1.388329
-0.150  1.398381
-0.149  1.408826
-0.148  1.420767
-0.147  1.434191
-0.146  1.449140
-0.145  1.467236
-0.144  1.487895
-0.143  1.510326
-0.142  1.538657
-0.141  1.568871
-0.140  1.608243
-0.139  1.655635
-0.138  1.714126
-0.137  1.790277
-0.136  1.899699
-0.135  2.061700
-0.134  2.399925
-0.133  4.766513
-0.132  2.772268
-0.131  2.371935
-0.130  2.164003
-0.129  2.030454
-0.128  0.659807
-0.127  0.664171
-0.126  0.668577
-0.125  0.672962
-0.124  0.677589
-0.123  0.682363
-0.122  0.687172
-0.121  0.692091
-0.120  0.697135
-0.119  0.702497
-0.118  0.707722
-0.117  0.713343
-0.116  0.719104
-0.115  0.724889
-0.114  0.731041
-0.113  0.737451
-0.112  0.743978
-0.111  0.750744
-0.110  0.757790
-0.109  0.765301
-0.108  0.772787
-0.107  0.780978
-0.106  0.789376
-0.105  0.798143
-0.104  0.807425
-0.103  0.817369
-0.102  0.827713
-0.101  0.838709
-0.100  0.850470
-0.099  0.863168
-0.098  0.876418
-0.097  0.891229
-0.096  0.906980
-0.095  0.924304
-0.094  0.943230
-0.093  0.964451
-0.092  0.988094
-0.091  1.014836
-0.090  1.045828
-0.089  1.082143
-0.088  1.125094
-0.087  1.180046
-0.086  1.250242
-0.085  1.347138
-0.084  1.500852
-0.083  1.865688
-0.082  1.795542
-0.081  1.503891
-0.080  1.367922
-0.079  1.278664
-0.078  1.211222
-0.077  1.161066
-0.076  1.119667
-0.075  1.084265
-0.074  1.053505
-0.073  1.028599
-0.072  1.004667
-0.071  0.984338
-0.070  0.964482
-0.069  0.948805
-0.068  0.932784
-0.067  0.917913
-0.066  0.904161
-0.065  0.892208
-0.064  0.880377
-0.063  0.869528
-0.062  0.858910
-0.061  0.848905
-0.060  0.839480
-0.059  0.830520
-0.058  0.822315
-0.057  0.814153
-0.056  0.806619
-0.055  0.799100
-0.054  0.792229
-0.053  0.785500
-0.052  0.778805
-0.051  0.772671
-0.050  0.766458
-0.049  0.760620
-0.048  0.754877
-0.047  0.749747
-0.046  0.744555
-0.045  0.739482
-0.044  0.734673
-0.043  0.730103
-0.042  0.725175
-0.041  0.720848
-0.040  0.716479
-0.039  0.712004
-0.038  0.708180
-0.037  0.704036
-0.036  0.700469
-0.035  0.696785
-0.034  0.693210
-0.033  0.689692
-0.032  0.686258
-0.031  0.682901
-0.030  0.679576
-0.029  0.676608
-0.028  0.673459
-0.027  0.670725
-0.026  0.667823
-0.025  0.665097
-0.024  0.662265
-0.023  0.659691
-0.022  0.657084
-0.021  0.654724
-0.020  0.652212
-0.019  0.649662
-0.018  0.647510
-0.017  0.645279
-0.016  0.643314
-0.015  0.640998
-0.014  0.638958
-0.013  0.636838
-0.012  0.634916
-0.011  0.632929
-0.010  0.631161
-0.009  0.629274
-0.008  0.627555
-0.007  0.625763
-0.006  0.624084
-0.005  0.623288
-0.004  0.621023
-0.003  0.619213
-0.002  0.618371
-0.001  0.616279
 0.000  0.615455
 0.001  0.614582
 0.002  0.611138
 0.003  0.614803
 0.004  0.424075
 0.005  0.426156
 0.006  0.427921
 0.007  0.429767
 0.008  0.431675
 0.009  0.433737
 0.010  0.435505
 0.011  0.437497
 0.012  0.439550
 0.013  0.441571
 0.014  0.443391
 0.015  0.445658
 0.016  0.447706
 0.017  0.449717
 0.018  0.451925
 0.019  0.454125
 0.020  0.456243
 0.021  0.458477
 0.022  0.460782
 0.023  0.463047
 0.024  0.465397
 0.025  0.467765
 0.026  0.470152
 0.027  0.472666
 0.028  0.475103
 0.029  0.477689
 0.030  0.480274
 0.031  0.483054
 0.032  0.485645
 0.033  0.488455
 0.034  0.491414
 0.035  0.494317
 0.036  0.497201
 0.037  0.500639
 0.038  0.503633
 0.039  0.507001
 0.040  0.510455
 0.041  0.514224
 0.042  0.517506
 0.043  0.521866
 0.044  0.525782
 0.045  0.530102
 0.046  0.534797
 0.047  0.539552
 0.048  0.544760
 0.049  0.550030
 0.050  0.556343
 0.051  0.562411
 0.052  0.569967
 0.053  0.578094
 0.054  0.586620
 0.055  0.597796
 0.056  0.610379
 0.057  0.625039
 0.058  0.646712
 0.059  0.678494
 0.060  0.743844
 0.061  0.757462
 0.062  0.676118
 0.063  0.643812
 0.064  0.621089
 0.065  0.603206
 0.066  0.590995
 0.067  0.578758
 0.068  0.570186
 0.069  0.562477
 0.070  0.555696
 0.071  0.549513
 0.072  0.544059
 0.073  0.539100
 0.074  0.534607
 0.075  0.530728
 0.076  0.526914
 0.077  0.523487
 0.078  0.520824
 0.079  0.518525
 0.080  0.516161
 0.081  0.514295
 0.082  0.512054
 0.083  0.511133
 0.084  0.509966
 0.085  0.508537
 0.086  0.508171
 0.087  0.507773
 0.088  0.507066
 0.089  0.507484
 0.090  0.507731
 0.091  0.507796
 0.092  0.509157
 0.093  0.510051
 0.094  0.511214
 0.095  0.513408
 0.096  0.515151
 0.097  0.517988
 0.098  0.520902
 0.099  0.523973
 0.100  0.528454
 0.101  0.532779
 0.102  0.538210
 0.103  0.544306
 0.104  0.551474
 0.105  0.559472
 0.106  0.569100
 0.107  0.580365
 0.108  0.593421
 0.109  0.609634
 0.110  0.628781
 0.111  0.653033
 0.112  0.683854
 0.113  0.725315
 0.114  0.784822
 0.115  2.033476
 0.116  2.565083
 0.117  2.301155
 0.118  1.867416
 0.119  1.675934
 0.120  1.587624
 0.121  1.595094
 0.122  1.902046
 0.123  0.819343
 0.124  0.725983
 0.125  0.658232
 0.126  0.606494
 0.127  0.561531
 0.128  0.522779
 0.129  0.488236
 0.130  0.457167
 0.131  0.428592
 0.132  0.400734
 0.133  0.374454
 0.134  0.351896
 0.135  0.323617
 0.136  0.181724
 0.137  0.182693
 0.138  0.286584
 0.139  0.296236
 0.140  0.307888
 0.141  0.316934
 0.142  0.326893
 0.143  0.336876
 0.144  0.348332
 0.145  0.360350
 0.146  0.373324
 0.147  0.527398
 0.148  0.569637
 0.149  0.626586
 0.150  0.690134
 0.151  0.783262
 0.152  0.896035
 0.153  0.794762
 0.154  0.767822
 0.155  0.759214
 0.156  0.761681
 0.157  0.770732
 0.158  0.781872
 0.159  0.797189
 0.160  0.814693
 0.161  0.835601
 0.162  0.863078
 0.163  0.894263
 0.164  0.939427
 0.165  0.996184
 0.166  1.125570
 0.167  1.113061
 0.168  1.005070
 0.169  0.956267
 0.170  0.925731
 0.171  0.904641
 0.172  0.889624
 0.173  0.878254
 0.174  0.870333
 0.175  0.864669
 0.176  0.861307
 0.177  0.859569
 0.178  0.859856
 0.179  0.861781
 0.180  0.865249
 0.181  0.870926
 0.182  0.878316
 0.183  0.888004
 0.184  0.900339
 0.185  0.915720
 0.186  0.934999
 0.187  0.959559
 0.188  0.989983
 0.189  1.033262
 0.190  1.095719
 0.191  1.192746
 0.192  1.438162
 0.193  1.314960
 0.194  1.135525
 0.195  1.041122
 0.196  0.975857
 0.197  0.923205
 0.198  0.878571
 0.199  0.842568
 0.200  0.808801
 0.201  0.777454
 0.202  0.750932
 0.203  0.724867
 0.204  0.701786
 0.205  0.675928
 0.206  0.655291
 0.207  2.373448
 0.208  1.925450
 0.209  1.545881
 0.210  1.431814
 0.211  1.351268
 0.212  1.289593
 0.213  1.239009
 0.214  1.198535
 0.215  1.163913
 0.216  1.131539
 0.217  1.105688
 0.218  1.082698
 0.219  1.060339
 0.220  1.039549
 0.221  1.020111
 0.222  1.006965
 0.223  0.991981
 0.224  0.976787
 0.225  0.968675
 0.226  0.955251
 0.227  0.942910
 0.228  0.937168
 0.229  0.917852
 0.230  0.919437
 0.231  0.914096
 0.232  0.636652
 0.233  0.635351
 0.234  0.640119
 0.235  0.640876
 0.236  0.648960
 0.237  0.657883
 0.238  0.672436
 0.239  0.694747
 0.240  0.726399
 0.241  0.813202
 0.242  0.803719
 0.243  0.719795
 0.244  0.681432
 0.245  0.652542
 0.246  0.629921
 0.247  0.614719
 0.248  0.600519
 0.249  0.588675
 0.250  0.577911
 0.251  0.569407
 0.252  0.560470
 0.253  0.553847
 0.254  0.547459
 0.255  0.541491
 0.256  0.536329
 0.257  0.531576
 0.258  0.527325
 0.259  0.523743
 0.260  0.520327
 0.261  0.517284
 0.262  0.514954
 0.263  0.512542
 0.264  0.510649
 0.265  0.509059
 0.266  0.507538
 0.267  0.506447
 0.268  0.505107
 0.269  0.504071
 0.270  0.502995
 0.271  0.501691
 0.272  0.500265
 0.273  0.498428
 0.274  0.496239
 0.275  0.493903
 0.276  0.490687
 0.277  0.486733
 0.278  0.483419
 0.279  0.478752
 0.280  0.473151
 0.281  0.468892
 0.282  0.463177
 0.283  0.456734
 0.284  0.451918
 0.285  0.445469
 0.286  0.440156
 0.287  0.433874
 0.288  0.427800
 0.289  0.422478
 0.290  0.415839
 0.291  0.411280
 0.292  0.405036
 0.293  0.400375
 0.294  0.394704
 0.295  0.390171
 0.296  0.384812
 0.297  0.380488
 0.298  0.375360
 0.299  0.713605
 0.300  0.722891
 0.301  0.726087
 0.302  0.735228
 0.303  0.739714
 0.304  0.747759
 0.305  0.759310
 0.306  0.764348
 0.307  0.771043
 0.308  0.789165
 0.309  0.799752
 0.310  0.812429
 0.311  0.826250
 0.312  0.833575
 0.313  0.854587
 0.314  0.871799
 0.315  0.903155
 0.316  0.916845
 0.317  0.948594
 0.318  0.976850
 0.319  1.037093
 0.320  1.104584
 0.321  1.169928
 0.322  1.316960
 0.323  1.899967
 0.324  1.317690
 0.325  1.195625
 0.326  1.125253
 0.327  1.075080
 0.328  1.037720
 0.329  1.006530
 0.330  0.981321
 0.331  0.959468
 0.332  0.939985
 0.333  0.923327
 0.334  0.907984
 0.335  0.894110
 0.336  0.881913
 0.337  0.869907
 0.338  0.859575
 0.339  0.849267
 0.340  0.840272
 0.341  0.831520
 0.342  0.823395
 0.343  0.815420
 0.344  0.808232
 0.345  0.801391
 0.346  0.794726
 0.347  0.788354
 0.348  0.782641
 0.349  0.776399
 0.350  0.771204
 0.351  0.765715
 0.352  0.760543
 0.353  0.755811
 0.354  0.751015
 0.355  0.746280
 0.356  0.741830
 0.357  0.737651
 0.358  0.733149
 0.359  0.729420
 0.360  0.725350
 0.361  0.721485
 0.362  0.717793
 0.363  0.714150
 0.364  0.710435
 0.365  0.706975
 0.366  0.703603
 0.367  0.700359
 0.368  0.697160
 0.369  0.694161
 0.370  0.691037
 0.371  0.687905
 0.372  0.685023
 0.373  0.682005
 0.374  0.678859
 0.375  0.676087
 0.376  0.673249
 0.377  0.674337
 0.378  0.676476
 0.379  0.678850
 0.380  0.681000
 0.381  0.685671
 0.382  0.690334
 0.383  0.695803
 0.384  0.704006
 0.385  0.717294
 0.386  0.749195
 0.387  0.750355
 0.388  0.719709
 0.389  0.703354
 0.390  0.694091
 0.391  0.685780
 0.392  0.679203
 0.393  0.673224
 0.394  0.667716
 0.395  0.662898
 0.396  0.658278
 0.397  0.653817
 0.398  0.649832
 0.399  0.645661
 0.400  0.642015
 0.401  0.638176
 0.402  0.634759
 0.403  0.631139
 0.404  0.627776
 0.405  0.624531
 0.406  0.621201
 0.407  0.617937
 0.408  0.614986
 0.409  0.611737
 0.410  0.608455
 0.411  0.605934
 0.412  0.602574
 0.413  0.599845
 0.414  0.597061
 0.415  0.594103
 0.416  0.591185
 0.417  0.588659
 0.418  0.585654
 0.419  0.582734
 0.420  0.580540
 0.421  0.577385
 0.422  0.574940
 0.423  0.572421
 0.424  0.569247
 0.425  0.567130
 0.426  0.564431
 0.427  0.561724
 0.428  0.559555
 0.429  0.556559
 0.430  0.554125
 0.431  0.552165
 0.432  0.549051
 0.433  0.546650
 0.434  0.544524
 0.435  0.541665
 0.436  0.539335
 0.437  0.536963
 0.438  0.534292
 0.439  0.532471
 0.440  0.529501
 0.441  0.526949
 0.442  0.525350
 0.443  0.522166
 0.444  0.519768
 0.445  0.517859
 0.446  0.515033
 0.447  0.513307
 0.448  0.510445
 0.449  0.508293
 0.450  0.505955
 0.451  0.502933
 0.452  0.501807
 0.453  0.498640
 0.454  0.496881
 0.455  0.493958
 0.456  0.491157
 0.457  0.489833
 0.458  0.486970
 0.459  0.485576
 0.460  0.482161
 0.461  0.534918
 0.462  0.529947
 0.463  0.531309
 0.464  0.529124
 0.465  0.529262
 0.466  0.526672
 0.467  0.527724
 0.468  0.524576
 0.469  0.525474
 0.470  0.521981
 0.471  0.524098
 0.472  0.520041
 0.473  0.521406
 0.474  0.518030
 0.475  0.517743
 0.476  0.516065
 0.477  0.513808
 0.478  0.516320
 0.479  0.512398
 0.480  0.512137
 0.481  0.514492
 0.482  0.508734
 0.483  0.509023
 0.484  0.510148
 0.485  0.506869
 0.486  0.505654
 0.487  0.505201
 0.488  0.502707
 0.489  0.504901
 0.490  0.506816
 0.491  0.505258
 0.492  0.504340
 0.493  0.502323
 0.494  0.496366
 0.495  0.491501
 0.496  0.501558
 0.497  0.486180
 0.498  0.485494
 0.499  0.481207
 0.500  0.362602
 0.501  0.364296
 0.502  0.364762
 0.503  0.365342
 0.504  0.367551
 0.505  0.367790
 0.506  0.369589
 0.507  0.371072
 0.508  0.371506
 0.509  0.373710
 0.510  0.373316
 0.511  0.375162
 0.512  0.376813
 0.513  0.378080
 0.514  0.381107
 0.515  0.380903
 0.516  0.383798
 0.517  0.384141
 0.518  0.386630
 0.519  0.387626
 0.520  0.389944
 0.521  0.391374
 0.522  0.393372
 0.523  0.394990
 0.524  0.397175
 0.525  0.398595
 0.526  0.400899
 0.527  0.403509
 0.528  0.407694
 0.529  0.408247
 0.530  0.413469
 0.531  0.412365
 0.532  0.417003
 0.533  0.420853
 0.534  0.420777
 0.535  0.427042
 0.536  0.430283
 0.537  0.433197
 0.538  0.435730
 0.539  0.446694
 0.540  0.447281
 0.541  0.449555
 0.542  0.454766
 0.543  0.460554
 0.544  0.466742
 0.545  0.472699
 0.546  0.481431
 0.547  0.495784
 0.548  0.508247
 0.549  0.520139
 0.550  0.537749
 0.551  0.573152
 0.552  0.643878
 0.553  0.567024
 0.554  0.542569
 0.555  0.527895
 0.556  0.517443
 0.557  0.509487
 0.558  0.503012
 0.559  0.497611
 0.560  0.492951
 0.561  0.488875
 0.562  0.485342
 0.563  0.481996
 0.564  0.479046
 0.565  0.476367
 0.566  0.473831
 0.567  0.471547
 0.568  0.469328
 0.569  0.467282
 0.570  0.465380
 0.571  0.463498
 0.572  0.461836
 0.573  0.460135
 0.574  0.458578
 0.575  0.457021
 0.576  0.455566
 0.577  0.454192
 0.578  0.452788
 0.579  0.451551
 0.580  0.450208
 0.581  0.449080
 0.582  0.447794
 0.583  0.446627
 0.584  0.445529
 0.585  0.444376
 0.586  0.443376
 0.587  0.442245
 0.588  0.441286
 0.589  0.440225
 0.590  0.439304
 0.591  0.438290
 0.592  0.437415
 0.593  0.436374
 0.594  0.435595
 0.595  0.434560
 0.596  0.433843
 0.597  0.432812
 0.598  0.432074
 0.599  0.431124
 0.600  0.430385
 0.601  0.429493
 0.602  0.428749
 0.603  0.427867
 0.604  0.427152
 0.605  0.426284
 0.606  0.425598
 0.607  0.424787
 0.608  0.424080
 0.609  0.423440
 0.610  0.422613
 0.611  0.421917
 0.612  0.421126
 0.613  0.420437
 0.614  0.419865
 0.615  0.419020
 0.616  0.418358
 0.617  0.417906
 0.618  0.416934
 0.619  0.416401
 0.620  0.415835
 0.621  0.415055
 0.622  0.414308
 0.623  0.413859
 0.624  0.413282
 0.625  0.412564
 0.626  0.411745
 0.627  0.411232
 0.628  0.410547
 0.629  0.410069
 0.630  0.409374
 0.631  0.408854
 0.632  0.408117
 0.633  0.407482
 0.634  0.406864
 0.635  0.406839
 0.636  0.405775
 0.637  0.405564
 0.638  0.405366
 0.639  0.403306
 0.640  0.396315
 0.641  0.315248
 0.642  0.314724
 0.643  0.314479
 0.644  0.314177
 0.645  0.313743
 0.646  0.313533
 0.647  0.313397
 0.648  0.312808
 0.649  0.312539
 0.650  0.312359
 0.651  0.312227
 0.652  0.311635
 0.653  0.311315
 0.654  0.311019
 0.655  0.310763
 0.656  0.310487
 0.657  0.310230
 0.658  0.309898
 0.659  0.309543
 0.660  0.309328
 0.661  0.309480
 0.662  0.308576
 0.663  0.308675
 0.664  0.308098
 0.665  0.308241
 0.666  0.225399
 0.667  0.225357
 0.668  0.225304
 0.669  0.225240
 0.670  0.225188
 0.671  0.225161
 0.672  0.225097
 0.673  0.225043
 0.674  0.225009
 0.675  0.224970
 0.676  0.224915
 0.677  0.224873
 0.678  0.224858
 0.679  0.224802
 0.680  0.224757
 0.681  0.224734
 0.682  0.224704
 0.683  0.224657
 0.684  0.224625
 0.685  0.224619
 0.686  0.224571
 0.687  0.224535
 0.688  0.224526
 0.689  0.224499
 0.690  0.224460
 0.691  0.224438
 0.692  0.224438
 0.693  0.224398
 0.694  0.224371
 0.695  0.224390
 0.696  0.224348
 0.697  0.224318
 0.698  0.224308
 0.699  0.224309
 0.700  0.224277
 0.701  0.224259
 0.702  0.224282
 0.703  0.224247
 0.704  0.224226
 0.705  0.224236
 0.706  0.224228
 0.707  0.224203
 0.708  0.224200
 0.709  0.224219
 0.710  0.224192
 0.711  0.224182
 0.712  0.224218
 0.713  0.224190
 0.714  0.224176
 0.715  0.224197
 0.716  0.224198
 0.717  0.224181
 0.718  0.224188
 0.719  0.224213
 0.720  0.224194
 0.721  0.224195
 0.722  0.224239
 0.723  0.224217
 0.724  0.224213
 0.725  0.224272
 0.726  0.224248
 0.727  0.224241
 0.728  0.224270
 0.729  0.224289
 0.730  0.224279
 0.731  0.224298
 0.732  0.224336
 0.733  0.224325
 0.734  0.224337
 0.735  0.224392
 0.736  0.224379
 0.737  0.224388
 0.738  0.224456
 0.739  0.224441
 0.740  0.224448
 0.741  0.224527
 0.742  0.224511
 0.743  0.224517
 0.744  0.224577
 0.745  0.224590
 0.746  0.224594
 0.747  0.224642
 0.748  0.224676
 0.749  0.224679
 0.750  0.224723
 0.751  0.224770
 0.752  0.224774
 0.753  0.224815
 0.754  0.224873
 0.755  0.224877
 0.756  0.224918
 0.757  0.224984
 0.758  0.224989
 0.759  0.225031
 0.760  0.225103
 0.761  0.225109
 0.762  0.225155
 0.763  0.225231
 0.764  0.225240
 0.765  0.225289
 0.766  0.225369
 0.767  0.225380
 0.768  0.225435
 0.769  0.225515
 0.770  0.225531
 0.771  0.225594
 0.772  0.225672
 0.773  0.225692
 0.774  0.225768
 0.775  0.225839
 0.776  0.225866
 0.777  0.225961
 0.778  0.226017
 0.779  0.226051
 0.780  0.226198
 0.781  0.226207
 0.782  0.226251
 0.783  0.226393
 0.784  0.226408
 0.785  0.226465
 0.786  0.226600
 0.787  0.226625
 0.788  0.226699
 0.789  0.226819
 0.790  0.226855
 0.791  0.226955
 0.792  0.227053
 0.793  0.227103
 0.794  0.227278
 0.795  0.227301
 0.796  0.227368
 0.797  0.227531
 0.798  0.227568
 0.799  0.227661
 0.800  0.227798
 0.801  0.227851
 0.802  0.227995
 0.803  0.228084
 0.804  0.228159
 0.805  0.228342
 0.806  0.228387
 0.807  0.228496
 0.808  0.228648
 0.809  0.228715
 0.810  0.228931
 0.811  0.228973
 0.812  0.229071
 0.813  0.229258
 0.814  0.229323
 0.815  0.229482
 0.816  0.229605
 0.817  0.229702
 0.818  0.229911
 0.819  0.229979
 0.820  0.230136
 0.821  0.230282
 0.822  0.230386
 0.823  0.230607
 0.824  0.230682
 0.825  0.230857
 0.826  0.231004
 0.827  0.231122
 0.828  0.231345
 0.829  0.231432
 0.830  0.231670
 0.831  0.231769
 0.832  0.231912
 0.833  0.232122
 0.834  0.232231
 0.835  0.232493
 0.836  0.232577
 0.837  0.232775
 0.838  0.232940
 0.839  0.233085
 0.840  0.233320
 0.841  0.233434
 0.842  0.233709
 0.843  0.233802
 0.844  0.234041
 0.845  0.234186
 0.846  0.234358
 0.847  0.234580
 0.848  0.234719
 0.849  0.234985
 0.850  0.235102
 0.851  0.235395
 0.852  0.235495
 0.853  0.235814
 0.854  0.235898
 0.855  0.236120
 0.856  0.236306
 0.857  0.236491
 0.858  0.236722
 0.859  0.236884
 0.860  0.237139
 0.861  0.237283
 0.862  0.237562
 0.863  0.237693
 0.864  0.237981
 0.865  0.238104
 0.866  0.238407
 0.867  0.238521
 0.868  0.238827
 0.869  0.238935
 0.870  0.239249
 0.871  0.239355
 0.872  0.239665
 0.873  0.239771
 0.874  0.240084
 0.875  0.240192
 0.876  0.240494
 0.877  0.240609
 0.878  0.240905
 0.879  0.241032
 0.880  0.241309
 0.881  0.241456
 0.882  0.241714
 0.883  0.241897
 0.884  0.242113
 0.885  0.242368
 0.886  0.242517
 0.887  0.242860
 0.888  0.242920
 0.889  0.243239
 0.890  0.243339
 0.891  0.243616
 0.892  0.243785
 0.893  0.243999
 0.894  0.244356
 0.895  0.244395
 0.896  0.244710
 0.897  0.244820
 0.898  0.245077
 0.899  0.245372
 0.900  0.245463
 0.901  0.245787
 0.902  0.245905
 0.903  0.246145
 0.904  0.246510
 0.905  0.246557
 0.906  0.246846
 0.907  0.247127
 0.908  0.247243
 0.909  0.247559
 0.910  0.247785
 0.911  0.247954
 0.912  0.248279
 0.913  0.248537
 0.914  0.248693
 0.915  0.249013
 0.916  0.249423
 0.917  0.249476
 0.918  0.249769
 0.919  0.250162
 0.920  0.250379
 0.921  0.250582
 0.922  0.250937
 0.923  0.251339
 0.924  0.251591
 0.925  0.251815
 0.926  0.252152
 0.927  0.252567
 0.928  0.253008
 0.929  0.253253
 0.930  0.253516
 0.931  0.253868
 0.932  0.254283
 0.933  0.254714
 0.934  0.255176
 0.935  0.255641
 0.936  0.256124
 0.937  0.256390
 0.938  0.256722
 0.939  0.257111
 0.940  0.257533
 0.941  0.257962
 0.942  0.258417
 0.943  0.258891
 0.944  0.259432
 0.945  0.260094
 0.946  0.260431
 0.947  0.260766
 0.948  0.261071
 0.949  0.261426
 0.950  0.261872
 0.951  0.262605
 0.952  0.262704
 0.953  0.262925
 0.954  0.263661
 0.955  0.263559
 0.956  0.264350
 0.957  0.263965
 0.958  0.264458
 0.959  0.264593
 0.960  0.264204
 0.961  0.264113
 0.962  0.263968
 0.963  0.264893
 0.964  0.263512
 0.965  0.263376
 0.966  0.262283
 0.967  0.261499
 0.968  0.254803
 0.969  0.000000
 0.970  0.000000
 0.971  0.000000
 0.972  0.000000
 0.973  0.000000
 0.974  0.000000
 0.975  0.000000
 0.976  0.000000
 0.977  0.000000
 0.978  0.000000
 0.979  0.000000
 0.980  0.000000
 0.981  0.000000
 0.982  0.000000
 0.983  0.000000
 0.984  0.000000
 0.985  0.000000
 0.986  0.000000
 0.987  0.000000
 0.988  0.000000
 0.989  0.000000
 0.990  0.000000
 0.991  0.000000
 0.992  0.000000
 0.993  0.000000
 0.994  0.000000
 0.995  0.000000
 0.996  0.000000
 0.997  0.000000
 0.998  0.000000
 0.999  0.000000
 1.000  0.000000
